100
1756.7083541656407 1646.438186027056
2022.953665375036 5073.508363995369
4496.136520898524 4668.653264464609
1304.107425871221 4348.478619140443
5046.0004247702045 351.93330684729966
3268.1476882020015 1871.1163034946667
4938.613718657977 5355.679665720987
1204.236163438344 216.25859003498803
459.53014981076836 5554.897348568146
3996.836904445014 4980.89649108808
3253.4937841853343 2430.2005259146667
28.019280200819647 454.96658579577337
3705.2642369728305 1951.6104371671777
1008.7116368594484 1461.9534085656298
2393.0369253248396 1789.814672954207
884.203427214906 2903.0482184430202
643.5035434923067 5050.704491481851
2717.9071271217467 1693.6517785481124
2658.585458356001 5332.090031061774
4135.179848006667 4623.961190193978
4293.953087651701 839.5958934827293
5651.221966175865 2385.9635848957296
1996.2713183816172 2758.5874999407583
1526.6387727512877 3104.5303583039763
899.8166559411466 4628.5660897090165
3144.257675679821 2022.1025784218052
2179.1311891228274 4902.890348052767
3548.2403617919745 3796.3884338744424
2082.025837148975 4590.877938174084
3091.854380232319 5343.992073183226
724.7496493642341 310.83470735748574
5051.02105841178 5619.477464467843
3120.681883618922 4949.760148856527
2566.5309002179274 3618.6364046503954
3196.2656304809493 1275.0495312579817
2799.009880678965 431.1808460104474
2016.7811829451548 3391.0025162168267
1989.6628542162075 3423.6303682941957
359.9848240964054 2010.1407503314833
1854.010456134793 2005.6404493688167
5397.98509487367 3032.3821316170433
4979.865715573894 65.1412888094273
3369.536629929682 1039.645784489992
2183.180487619477 710.5162688422647
4723.1606194791975 4292.379977024641
4159.842395837569 5496.893115685472
5090.414443030471 5012.39894038594
3242.6295916735307 1647.7980852757528
4381.997717590309 2687.4006735692697
393.53440840677786 2990.063781939988
1001.0689538122426 4822.733064654853
745.4301513491885 3435.930470820093
1839.1247945573605 3985.5605966744647
1325.6381728002352 2276.9352270641216
1128.492389583474 4874.848121468235
3270.4274759548284 189.37510443122522
2100.4593003161913 4484.918906041814
832.1515641215328 790.3110268938448
1327.0870961270273 219.6884115827876
5038.972769156656 6.228163239050713
1443.4997558089128 1939.627741859615
4446.136191400652 1069.305119231561
771.8440693403562 1808.9569361626247
453.7424318962445 5398.161222605472
3407.245407814758 541.4475735495133
1207.1130570045345 3057.5056223806687
415.0746893561543 2747.4868733479298
4139.2373585757805 2476.9705462295406
1205.8358968189625 3645.571283094946
2311.4561042835335 1648.035991977764
3228.655539719087 4633.031965380779
2752.7231783462557 4360.686297964841
3173.231409101295 40.050094558489896
4711.336502459741 1907.7051016659548
2659.3979715732726 1310.16594085077
250.31375980673576 4208.966135956665
460.5731655267602 430.4086746958127
4592.498086716697 1382.2955012379878
3040.9999524552964 5071.161269098269
1204.9129912766764 2283.22687289717
5425.479723061395 5204.814830293076
3377.724372894293 405.6432027807125
842.2428116073041 4600.942511512356
123.20318308710584 65.81490477734154
4385.82459262128 4178.7970771765295
3128.6392342088543 2327.403401470518
5344.7854317165165 490.1195006503552
1746.427546535755 4706.341952097291
1945.492495198322 1046.0578566327042
424.4798917396639 1806.1988582112444
1263.1858153441462 4861.940657316554
3789.28870129685 2216.572209995029
5372.168144064296 3211.033231076942
1351.7434301283963 4290.615841941143
2084.9610695225806 1077.1859088592173
1867.698625415021 2162.10366895604
2823.3428222311372 1258.758948571315
307.0728548532259 1088.3402618039966
4272.1296293702835 1247.201844098452
192.36024524873525 1974.133675300139
