200
210.60431673034836 872.9653785621783
854.8871944468285 122.08479497205474
916.7839265904645 128.50170169332816
266.7231418768993 408.8637752620288
532.6492172994557 142.20268917199803
775.2175971449697 211.55488352918996
866.6084478270807 188.57713731036128
196.33788204968837 174.87907330227705
834.3864179006559 551.1337435021079
787.785690127776 491.61548854104973
377.0172913167428 611.2802453651192
802.9239889110675 41.60259435802888
914.8797576351892 161.20017170926005
412.7428244165924 55.18106773389273
640.2653350310782 895.7315692208612
103.66792613122983 969.544715465568
195.4025316272898 244.96819375443556
30.941145289549926 411.7867368754892
793.489750845712 852.170616230776
986.9205973236847 420.6131291811474
456.5352675490302 172.32704331823675
934.2100983355471 143.1665167398853
302.013090662991 789.4108855888546
562.2597324844678 256.34314278608014
596.0292595185383 44.99746087335801
680.9797084843739 623.9166535203705
935.7027399465671 129.15201531564503
292.3820068711508 490.9397645616781
24.678370110062048 54.182510059293485
271.8508949708306 848.2194064438092
919.0252078082223 77.38605522621485
441.86742772859776 63.688347481303104
778.4511403630142 227.6855044988435
19.355141975615386 367.6960709793113
941.2404276468252 199.66133887068332
784.6130149498774 707.9927680396006
982.8956560562208 293.5951191199729
81.176964673681 681.3828813695932
35.76320495306824 626.0084829810872
139.7192436191363 673.3896683619474
45.04000516249718 433.5521829415422
459.41028112996685 476.68159077116263
723.3043761904078 335.64955343609046
437.1536252016454 6.537898703395517
649.044467459023 242.6650061904747
538.975941779602 580.9190075887061
213.43292692544586 608.8159848943607
333.9266763337572 858.2703537258932
87.72974435017274 608.7467511509271
517.0208275934898 87.96405946513454
240.02428435252747 897.1903779626143
180.97847164125943 493.18442552103755
710.0860064445991 804.6610796223968
29.002237098210287 758.4223099223171
696.7784584427521 547.1874369565188
566.3883179298597 448.2848148100201
851.4681511511487 99.24072794206928
702.0507717046505 322.99090073385327
392.6302949342378 44.910677013392764
166.76529927990094 595.9388810932394
463.82317714137093 555.9088199288941
684.7745551935739 652.0528875013963
297.2844672773262 206.61306767379855
101.09543635125453 7.495011968877069
400.69660587830253 613.026958180914
225.63888803104777 32.60972248567498
708.6903691383129 973.1942659666594
264.5027191757933 241.59596133561735
530.2946829410904 563.7814954719016
694.0036690146103 264.9174801787988
169.5384608229449 581.8706773966521
750.0897214702844 171.17610024933265
606.5468501862418 37.823351919972055
196.44175668742568 22.645318430856435
218.97047347479275 487.438245045729
662.4206802251649 609.8947480497216
908.6408836372609 905.6415333919996
298.9019677346659 73.72213456753323
383.04370520021524 423.0218232654876
306.6244344620828 706.12918635433
561.2347360701872 124.77961918978961
385.12100045622736 457.7075887799989
788.4012522237417 541.1794438904282
235.47166977638895 720.8497100547758
538.7651256039123 720.1268785905513
521.3455474001341 495.2178450591006
756.4257225610256 834.8964775920322
87.19527247645144 870.5070505377624
886.8028386252521 580.2482374079445
986.3860019035117 462.2766337946865
714.4098902017261 423.45343595791627
57.11791406214431 928.0141943128089
449.8154075735852 402.85397008676443
43.079915549967374 384.03143118137757
433.1894030594318 234.26517780759772
265.39610542324124 340.4392822941081
503.1475708471081 443.48478307675316
751.604753709362 454.3103208384351
975.9821254140363 582.167799407593
382.4801339028425 406.2144772622916
644.2150013775791 496.71139260172174
51.013024067145096 563.77423209781
280.17919827807617 889.1293664038835
62.51777759224284 520.0015188187165
596.3306297117174 245.6725663055447
680.6069280439292 84.95440014782696
352.9722174002795 865.2575497013794
57.321672324555415 710.581439916986
889.9124677844391 806.7336633538459
134.82043829296427 640.6513370007332
811.0200235559631 527.8472302535896
490.4336772705848 824.7402166740393
406.21677566212253 282.3725302400254
829.1579739336737 803.9096743669747
466.3186218099185 21.811133019371397
897.3780513652754 396.72138039989056
257.8345199206914 398.9478626200278
663.9472636260704 34.70621588405741
117.63424911692955 598.8811571697512
236.28968955661395 246.05903810364833
343.49301896327273 462.4261169866246
596.3148571531314 329.3846577698662
307.29219775502554 929.4049404224567
777.1602156976654 929.9684561480204
750.211376226631 619.8099462419481
193.33842628384625 47.217810453641505
447.9370349575948 275.52369974484174
334.6835798546808 232.36343678395727
701.9538871040133 220.3863482430046
77.58504214526143 78.08505895253258
767.7772145250672 641.3088949373873
57.30664755211519 503.3727336116849
689.3300168664729 859.9426751589638
954.6170146281786 529.5587591594966
389.8511920722087 932.591583650322
709.8570884385886 951.4611509797401
220.7513672835824 420.36362918115617
971.4498128920011 149.55541082929116
662.4565555337385 695.6838288150913
410.8843543062733 248.80311961163633
964.3105601681322 460.8261867485055
100.11726631166216 944.3529168295171
72.11182280451922 625.6958255089171
188.60466112299397 130.7829003817102
968.3726038742394 777.7870657271678
689.1148149877699 519.993580969344
678.6232106603479 617.7112234373587
42.02720963531045 184.2342969540845
688.2388379692117 404.30739700128674
476.4264976295185 493.4492107049049
316.36809016129814 287.05519757797174
869.7995091672287 218.4906821586499
757.6469781175555 494.4546684176874
324.1565009409398 482.7209786994725
196.93683226496898 226.39683963582897
201.24905260277393 866.2829301780353
74.61720313597993 608.4355940430366
515.6985259259652 485.32644980078294
280.68710156741776 603.1208178115313
449.94981087221464 749.1981080544816
626.0185520976415 148.38597074740852
674.1483241789948 753.4297031549594
226.09986897049419 248.89624521470924
576.2966419070584 818.9355194993127
308.89472809244535 996.301973187081
831.6558986689902 620.5108793861344
403.4329121833691 148.3895463216703
469.56504019046025 529.3991192843565
858.6687572087274 845.65712559223
780.3589577086093 271.69970622456464
694.9893351490119 226.06686613051264
357.02340207928955 365.4969621578532
119.1804054709453 158.56470601664068
480.07276469316946 616.569533220147
676.7152892497589 790.3253010385653
896.6115152174575 203.2468254328382
266.2115921282984 601.8834429931766
81.72835958675239 518.7518799628579
670.6219253153173 28.790458689278047
75.63738434361971 410.7662408064723
550.018153153185 370.36666943168467
181.33432762916962 52.882046484513154
208.4811478139388 810.032240313809
361.66117274928297 206.19344855753369
651.0108526438354 894.2036299476282
708.2513438682462 259.060042551549
146.56120929653565 503.2230653642142
553.6813774568886 547.5118244806631
939.6091971940104 744.0627787965391
978.6936849783156 568.104625507645
20.655295475307128 392.7931808889046
159.70618085503122 840.2972340285363
40.013357437206274 197.80522236197942
481.65304638424084 142.33047091607835
537.9461524689248 482.09508470581005
856.5273237355201 515.1144513043828
661.8590205284286 886.4257888972609
788.3281348028363 435.55054908980634
373.9485134747219 800.923521160745
368.17891007384065 438.21526112892207
