300
2189.7326988292343 2413.9139481035454
2599.584131841708 58.273574596838
485.13992973621873 1778.4086321415928
2768.9077706047715 128.21266452981857
1074.9731538275032 2213.8306146835484
1988.7715105293887 933.8549196864046
902.0062684481476 865.7299172152489
2969.848147366847 533.5778973030399
2116.4327963588894 2346.132126202755
2925.684685871083 1885.0267973968741
696.3645764893662 2331.4393929601333
2794.4332325990085 2380.0621576793596
592.8702136203757 1972.635979267008
2468.603300135663 1257.9747721820024
1401.6687517639716 2591.3541802481404
892.6891627990699 202.8664004450754
1456.3635626338726 3053.801677011704
1744.1337090384663 2530.786096850341
2548.6928479205494 420.2421174026583
469.2405489883255 1813.6190137628737
3093.288952153802 1673.5300997580578
2406.7793396465745 2990.447432906317
2197.931501265729 1363.8658296537246
956.4461386638438 2787.9527081709157
2056.3079837897094 1051.7117872771466
99.65288364043793 882.3091392162783
1736.543586841342 2747.016712363843
673.7847338695141 560.0630279107497
227.921546437928 2096.441894064143
47.23214216905695 530.8014985234839
2495.6166393616327 119.99626364917799
751.8074371865795 2443.521771497148
3040.4348362701826 19.58327380134774
3001.6488782492834 2781.0204097749497
1508.0723541311074 2765.9997931138655
2990.859465722414 2493.8624287416355
254.1056855106966 304.766382015402
1266.4236255313406 1803.9645700231927
1030.1363453062124 1344.2714390316248
2331.2526966959813 3006.999279043045
461.2034626391351 2634.7901500365324
683.8387371305602 978.8015175667124
2467.793026173303 1754.3918364915585
2165.3861349886583 1065.4980160693326
2250.6046695588943 2751.7591193210096
1620.3447556114572 2880.3118127857115
2313.205465095172 1916.3168414898694
256.46809665868403 2622.6850018795676
2730.2740563563857 1678.8074909213665
2190.857611618411 1774.0370132042726
1217.2799910540061 1219.4099238110132
720.3007965680237 2103.587551078617
1414.2855889715795 1731.241708782855
2074.4821466369713 362.3678220033961
1927.3985636262864 3028.180679770877
2137.727671606507 284.6187858331297
945.4448054915397 300.1367431220484
2658.2325806870817 1403.512971272105
1080.7273391068638 1661.4376184901587
1612.4291809989402 232.60047699035462
401.1052684514057 1944.302084056046
846.7367995039351 286.43152082388195
1102.7446742800423 1348.2070122447562
2229.3908552913617 894.2489767854175
35.03352921327251 2166.798426079602
2136.81946751838 2868.9876008526917
2033.5172213117937 1857.5306387807595
2451.584342664108 274.3210226755269
1061.4545633536527 796.7719428188477
733.4045117629513 1637.3611406273358
708.8873499787662 800.3829610728945
2005.7158561830256 2052.6460799164156
1323.0480690360293 1029.3932778599096
2267.9573728112678 2188.289767515575
408.97973363410637 548.3732153637744
128.64744631904773 2334.647073527589
1732.4517602674916 2004.331926263886
3060.5181975285545 1500.0447783661934
516.5504288766857 2419.8661603924193
469.00644742556403 2980.9392708199084
2983.2187532179673 1383.6229735755137
755.0219170974258 2098.6086639789187
419.43218228607776 187.22474353859036
2044.2693543764549 1347.6198796938347
37.93327870293892 2967.3646433923623
2928.1083774654803 1594.606579980892
2623.579751780098 2889.4168869379323
1874.8650384664697 2730.926747106286
733.2988888825861 2077.3599208976702
1177.2513604416254 421.9253921736868
2257.2601617096648 1187.5650225385796
2069.422289929616 2365.780740229534
1313.600093553556 1853.8611643678855
57.4200304717829 2480.6667621327756
487.6186844274154 2414.937043740008
1442.9079502417444 1837.372576105725
102.30863809860226 2340.171830428297
1808.3219853610165 1281.9204436232108
1368.8209513580978 2201.71154517721
2784.300605497729 2717.919194562022
2144.1961545523977 2003.0722321151322
345.2252191022253 2782.9302172076696
2656.992702194634 2815.0150685169424
1606.7841830064872 832.1924769391081
1746.9401900751805 619.4789253578118
1055.052616345073 1185.8650691426767
880.9302236531777 1163.992540072936
2571.5451087237634 1141.583632134711
2693.0559652316765 2293.405771437982
464.51910609566926 2474.1877033123915
1885.7927628918878 1065.3919079373734
641.127770474996 2051.1430662466996
686.4321699570156 1392.2689635896857
2110.9062899110895 399.47313679168633
1821.989073065578 2553.1189084924904
1175.698204927855 20.73535471368867
1888.886185207405 93.320991973098
1186.8085442799045 504.87673157458767
1772.1293402403637 202.74522922408443
2606.326351510918 2391.8744466062003
1990.743592182655 1381.5203620995273
1839.1706291120224 1334.3802987695055
493.8082397947687 1383.964643288778
1535.9305880530128 1255.2062081161773
278.3453088384998 585.3195296215878
916.8640205182938 1866.6066600723389
1217.4480448271963 251.43179624224416
570.9046184882055 1503.0862130611713
1975.3487070524268 2976.667374169521
1518.0852083312348 1223.2774771839802
572.5333430532228 646.567870152529
1613.6868791299396 2477.7985989270614
752.2184416437684 1742.9326197315213
2150.5061174198217 735.8430961462594
432.16512099864195 2377.5617751789973
604.7785496855503 1134.3898805574697
2331.7121801856347 2108.5488214621755
2634.8429044018267 155.43546094713133
2089.908385733439 1314.9184551959868
377.82613045565375 3103.7823164813703
1647.1625560622438 1298.1338683741383
372.2932662094252 2266.152990835384
2020.1616655653256 984.0335180385695
1366.3366979459793 1132.386467068243
3084.647793170919 895.4861999701177
1307.315102916201 3107.5634321495877
2678.0789467585664 2845.7652623858944
2037.0103862139176 1944.922081736092
830.524040315602 216.54634553458297
2514.6670459249935 2570.3518856045416
2151.4716698622624 2692.674676952682
284.3798608079484 2375.582695328259
258.15017430894244 1162.8338396689187
137.40284326723696 1303.307850964902
2093.6093807024536 370.4557976656033
1075.1181177214642 2341.5974664420078
2483.120009326246 2583.933704413636
127.2145018990976 463.4512269069734
2941.3239899878968 2759.7274041251426
2948.601854083698 3017.5672185785475
1535.967125189241 2848.2238117401926
1399.3232696483892 3117.0453766397745
1862.3320102352104 299.6099873728501
394.81262862969095 314.01236800893764
2995.549220906049 1813.8659517396004
1542.2117364846356 2270.6176336113163
1293.5441777275169 664.6705746458247
3069.4286382524288 974.9403491380957
2786.499543901113 2995.7098316836773
2810.2307518138678 330.5640511057189
675.457221759555 248.15609269939165
1675.3689444937963 3097.595194142125
2271.279674452635 2837.41809131598
615.0902332924323 2212.6794034879413
1287.9236633780624 1832.2619992983766
374.89539407102296 2202.1509304154397
2696.031179716567 471.91879126148524
2510.126477084719 1168.8355774089198
1514.9524968636 98.83592479271735
990.0786198874994 1279.5680920738048
766.8732643452353 1918.5938887646726
1607.7630015387995 2717.3976842535017
86.65352068773325 2228.5295707155883
2413.239951424553 2725.943064102609
992.3741127572168 2809.8312148098908
547.7460695766889 3028.6570169536217
469.05161392120255 75.2997822850809
2383.0660099427914 1428.6835878326458
1526.950196535003 2955.3767234559505
323.38516280584673 2465.6276665229757
2905.689140765086 103.5926617130034
272.0288568381438 2615.316103445438
2098.3818011574836 519.5117140131323
1035.1423980756226 585.9456669063754
2649.1620066986507 2447.1545762547084
1802.7643158542862 1235.9004925894026
1963.7409596509801 2097.831268190544
69.19627175145024 1470.1731421434056
2313.490304361652 416.1627060910916
1381.1814032404482 1661.8494373701285
610.9918736678974 2965.3531254404015
847.0056596317863 2988.7102434944377
1213.6304782196155 763.2554114837138
3042.0339366021108 2211.100171710435
1147.1089736053193 1757.8351809422988
695.3621316788831 529.1755155936489
1481.2829573997835 774.8326801075352
990.6349259753824 1250.0520098998247
377.6284507877144 3084.1811335654215
1888.6152207690827 2473.4982476712507
2972.721213498469 924.0700610036255
2510.748860518076 526.8393162691091
1388.0905213821911 1793.7677289322237
2230.9383781400315 1442.6785499764585
2328.6055733947987 1792.7135546776626
2735.674626039063 2294.089744913472
117.7983125917896 382.95281732294643
2476.035615481824 171.4032610950308
2351.2973889628565 1607.1927133637405
962.7957675629132 1500.19957892076
531.8110074461151 1387.4179028023634
1560.9031098132796 1077.1591877546564
532.4740387794093 1516.3663206546692
2388.382458917234 53.80002429510775
2850.7028828288703 1930.4573570980738
1308.7675579869983 1916.3638964608874
1742.9638695644096 1866.418581016664
1901.5125084121232 196.58322013235303
555.7844168196968 2381.7035934291844
2263.05323436385 2935.6244835167713
901.584091706036 2034.7730502982708
370.2465670889076 2964.619902481804
3002.7035106215167 238.27177988523283
2006.9052116878681 41.21062299910728
1661.4256186442103 2165.4824638775763
1743.5164839645229 1739.9816473996218
986.143996751838 235.15911344114207
3047.2991477461205 1659.4432279178964
1611.8765767949978 2322.620446764092
1104.7535336744972 242.05927942824425
1577.025945453499 853.4067113937348
2203.674772470883 2071.5687050833103
618.2991332529822 849.2684709141198
429.13602138813354 1317.441212674445
1620.1106416417551 2554.516988712988
1247.5139627776782 1292.4567985120368
2294.0888135852665 501.7857733144635
1974.7151059855044 130.78723703797866
516.9742667328292 1205.62758275999
2355.9781400193515 1352.8884260767495
2903.948997509699 1289.6497842122876
2683.1585337580545 1434.220086435595
1721.389763477701 937.3266831540892
298.7545224310304 1668.5674286054068
2392.16591398489 2599.5287568314316
2152.4575988250335 2760.650033286999
707.0691354602874 1660.680863548527
2585.671268895886 2075.5227764690126
468.1969268979849 624.5916984895381
1487.672708522096 2553.4592596843636
2993.4205668068294 1225.7857600048717
104.06851528230632 2883.189292310447
2261.1018192013994 47.48639106692031
2271.330415389324 2893.3386665821554
850.3845049370831 828.5120533059907
113.90442312541767 2716.2378879979815
1082.1673665435053 2513.6534360825285
858.2948332675923 385.8344228869713
997.6015669601477 2711.6723333493746
1204.722795637494 2231.4630621846877
2511.234078541601 266.5196482400346
551.7695972846013 1839.1540587764514
1923.2295948630624 1837.2113215978725
2550.9087348227813 2258.8579191840518
206.1449193437555 1011.1879348691151
2417.3811850104107 2556.5912679734192
2840.644694952407 1093.950142902446
960.9671215948001 1786.3928472828866
1517.1271672237983 147.07958564938647
633.0582893319503 2234.6310298681146
2289.739929160055 494.71042837623787
2234.3566297209663 934.4253776609316
2724.389198079751 3100.0810569079044
2118.713397297272 890.7985753336267
1769.9371046322065 1664.1195462066837
276.390162986354 3019.2742433907315
2213.3789488073503 767.3650789579355
389.4990625982564 2129.6225037576046
781.8886191402208 1117.917523589887
676.5580256900004 319.4216118102893
1409.0703290408271 487.97450653369634
3112.257269808002 2147.596604058324
1408.54743576614 2522.7271336031213
1635.7927789504158 1043.5799419246525
1229.5748596531052 477.13166519599827
2787.6034657926475 2616.328813061627
464.83825181886857 495.9046901859917
327.32851716149963 2818.0534953777715
2740.788017319241 2318.9425200290966
789.1081357477638 1650.854161212388
