400
1305.9535865602052 391.0705664211778
835.7964327781053 2032.906870216496
2149.5634679174605 2162.6816446217945
1297.156229927876 486.05784326231003
2213.392195510829 2341.713700468377
1294.9996405575841 1938.823740061273
955.3390805658978 1843.6773900894793
2257.665660935715 402.39588103796336
684.9978665730866 93.82754565297157
973.6264967239742 426.7549295474065
1922.9109074209732 1311.932681158887
841.9230805224961 532.1713266597067
227.80414545212435 1421.0936301074325
630.0190778621163 200.2234007753654
521.2492974602701 101.30594225070536
305.87082469105417 700.7716617589498
2211.957033776557 754.4977362611502
2200.9235491196687 1015.8245196632806
75.8045328136043 1658.3606330767977
2170.580826884817 447.2764749640749
953.488492750973 1701.4201855310948
1739.5070649895583 1808.3464008205785
1790.2789518753652 915.606707110249
0.806687767055591 2223.8009618812243
1562.642887187887 775.5472325923131
1873.8436553754639 149.86940561864668
1413.3743415208776 1430.672646660574
153.59420129335615 1247.5989625718346
866.5016110251559 988.1704737102472
233.4356860522547 1062.4976998517272
651.9904097330486 1915.4078551879209
2148.4928545732205 1441.6770749059183
2274.540928236547 179.36796711971147
2125.8221005062333 98.09767952398347
1463.8377653385712 162.5695129422831
1397.6309376942484 609.7874088141743
2178.0455116859757 278.939784590557
864.7672337417704 499.6635339773033
1666.452812867072 412.8438625610094
171.18179287127236 1757.661338539917
968.8209301655584 962.5855464652133
1813.2304495892406 2394.847890931448
2254.544535129506 914.4244228821126
989.6095391780945 738.4175028589306
1189.5200665919938 1151.2878187988124
128.53261501763774 796.0359707647197
2212.733578294414 2126.9110204270733
1520.402211115743 1329.65112496996
268.5437473181603 453.54922670221754
344.02450333532624 1468.5845485398586
355.19595845572724 1068.5668193111835
1279.0517176414937 2254.301606298403
2069.7969787086813 399.3575996737025
509.3564653341356 74.4986688224747
178.9627593053331 2393.637790040359
853.0290086088997 745.3248583007323
1573.1990154090852 1028.0464806225013
2172.2685883483273 1903.635080023979
446.55490989928734 474.4435258460991
724.9588236153495 2028.9332355218744
1423.2331409445735 1060.8385102575041
910.6632930623347 1456.791972439484
2388.252898162058 373.1553282080194
2022.7221645233008 2325.154330906184
1854.283225125377 2366.2331083108684
1331.1817238225883 495.6480533416687
3.767179030644681 1676.920301694932
3.519018093980344 264.9361387121368
1065.0336969251548 472.11094342473956
1962.5685260279743 285.0103398583277
1344.1186655848426 742.5283494489325
2359.7786189158073 745.4622531585629
893.7210736836994 927.4307467948245
2314.0128245503975 1278.8841533454197
544.6225090649946 1717.7145338981593
751.6349662637242 900.6790432014703
1331.268419236098 2452.629556125188
1168.4798252511785 145.592070335027
694.549528498028 758.0555324164648
2122.6272128852243 69.83147773969787
1265.26197403812 2084.8563693173332
1521.1085853377676 1903.082017999703
192.1525272011688 886.6552733537625
482.91833059917565 921.2514856154517
512.9828629541598 651.2646064377583
2116.8397039167726 460.2999246870128
627.3786832250328 2090.4153216004725
890.2316746470948 1295.3616051103513
1205.3786027200035 2360.938111904814
1456.6624625482034 137.07510623759302
819.2463317360998 2163.2138454992137
1800.626754659126 2029.657510110002
812.6830173004886 1089.3206071431719
473.7589485342878 273.3583805102248
1017.7297100052731 183.90707916327338
2417.8811958435613 2387.4265061898363
1874.6335798787218 289.1458346482568
122.71512030356752 2226.984827431823
2375.5340451067823 2090.7069678905314
1142.1036159377538 1295.9887279305883
1276.4049859140898 1019.9593445509232
1079.0841431192232 396.8800838316781
2160.910444576275 1991.2719730454178
2264.18043659998 983.71498096122
1140.9649863982877 1788.6897491630612
671.3298498997905 2246.080058258467
1733.571718781591 833.5325263446904
2427.230534106657 1539.1909794441353
1819.969503274673 400.2413695586324
1618.9991491279006 892.2463409422305
1398.1587455353565 2278.1433462257546
1907.5370634492606 1003.9698990897238
2195.3029710060327 1287.7588222625213
1395.7505075326278 1686.6927686453841
2115.412612017705 308.39318333607304
123.09488566031484 969.5533495710018
1960.7813678489347 1866.0931383700433
329.988781357539 2102.427409831528
696.3887881273121 1251.0173070824094
2348.4732654710356 2316.337499457107
1967.9678954720582 2057.582778529961
1265.9638745801485 2110.1169947413136
1210.1791714252474 122.62079398194255
659.7817556966722 748.908976084136
10.133163380625884 956.0916838285295
668.2285212492727 2131.3592484248893
1368.8400976828327 855.1289969541439
2418.361439469252 919.6453405260976
2037.0916505677321 2257.509985401738
1416.1076249164917 1327.7272374695474
711.4192107233513 2284.101639024751
1526.9260320949045 161.61549331836477
2235.106696658659 546.9443488614795
1714.5570763529872 1027.6669732161536
1749.6532080454058 1238.460857727526
2122.416402452636 2143.7760247596884
152.9737091914467 2209.708473445083
1404.4921174889232 39.93725630045446
1276.196044621673 692.9912457292558
1881.4867771685713 447.5591268488998
615.1217445073976 794.9591855765359
1216.1289500074154 474.77063491413173
748.9262126561986 1625.8915033661233
385.72265084256753 1363.2602692849134
2236.228083950463 1693.9388448092513
556.8650392279283 352.97675995848516
1283.493616303701 1913.6319551310125
482.7288869173357 1795.712269483838
589.0583070056541 1879.103770857762
503.25605560846054 2.746020255830926
1961.4515054771693 2276.3545366961966
1431.6528244875421 1879.0912594798115
1967.326569236373 2290.7274940021134
1986.3027671647271 1331.0131916613514
140.5212244837646 1223.0667526324703
1103.8567868483362 706.9267455125495
2369.1213316946237 1356.0128147849305
473.125961195375 1976.8390207319067
887.1718260231195 859.0441068361974
2028.1454163936726 71.76493285931798
1088.8145979622054 231.3889921643329
1094.0195413009892 198.13358264703544
1313.565027164193 1670.8679320631459
517.5610639872588 1853.6356440177142
452.59945227705356 1620.4791694088267
2328.8668385623414 478.4853124001877
277.9377366767972 508.8999100906475
2453.4739747416993 1385.3597063685525
338.81206305187055 2077.372388081047
1756.9109540058398 1631.8768327972411
1611.8359779088703 2054.6605668109128
1756.2756259377684 1420.254927272747
1244.2909559634227 1981.4299762846226
840.3322524845349 1307.399050946281
270.0863106704361 913.1934261449506
50.791966809592054 1136.2570999901693
910.3121751725089 209.55551121380822
1617.2115195255556 947.1072411384662
2313.057219847895 1864.1631634198598
866.6196206962896 1587.4215901402954
1002.8471173744896 939.0972370863707
909.178034548096 1242.5145758632875
367.798966470781 910.8221430274128
2378.4144388829473 2393.028451355279
519.3876670508932 362.16237005211184
1979.461309824333 1381.4181166743565
1696.3291328129371 398.2188822364442
988.895776254545 2338.9967692831633
1120.8975523722609 391.7181050228248
1259.1299692570446 569.5331793576737
2307.8758401669243 1987.3837443366403
181.90465545131582 1252.9646044122107
287.83873352574284 1962.3077640298916
19.69072926215854 1882.5349238308456
20.38564633897156 291.77009739749906
1273.2701310119096 1049.9855780809855
2267.2702295085414 1149.3305738333584
2386.626529258472 249.3726019180809
721.0060603053389 1820.138019724524
101.28012960897598 282.34528544536477
413.0571093025429 735.2349484471993
2409.348506282011 2260.962019635598
2278.6646697771876 2162.2066991447427
2038.5038060570037 400.9731560591109
1653.0341438952898 712.3645707013653
45.69393692858424 1417.3922734077644
1169.9938727352142 4.141727953546705
1460.5214512251948 2061.072767124703
566.8508310140161 578.6618464492539
1146.102512575688 2187.2353521404434
620.8280078379424 33.1271470640383
458.639757496279 49.38002458375017
769.0077522648672 1413.7483913365882
454.0735717755499 936.462599517796
1439.4206906555537 1126.3544344694826
1580.74100706726 932.3909367155154
1178.8536704231494 2166.3883315259154
1276.4069603843782 2110.0207001072918
1498.8650041216747 1646.894372976403
29.130118170427455 223.34931157062752
1719.4907209163498 1448.5375418791227
751.6812125309591 2171.1734890990315
430.70428807627104 233.494258555049
959.2906660792825 514.504339209051
1651.9640560287535 568.9944412274073
1815.8634460134738 2053.0857935305435
1474.1952841901698 1468.2742303645475
1818.9717833954608 1820.942561051374
787.2805871507917 475.9814932121319
2381.7532057269354 394.23472468378026
743.5386970665078 2286.072250775589
755.7037892416746 53.652215619657255
1286.252542098019 440.3761441840355
1038.1754920342105 1457.6061736751221
12.056920601984272 1906.522913361573
1454.7605041034396 2456.7513969595034
924.7157620432058 2149.5027716126842
1357.1406617022567 2439.247872071681
1836.6409720804295 327.2796050720988
2441.1174386256303 288.79470723720596
1718.4166646816452 1480.772094253307
2098.901123898281 441.1057149992484
581.6720929361012 41.325213514071486
1818.3870063582901 1880.1754316372858
1621.424756276179 2444.8932425144144
240.9081258619936 1735.4954307148253
1739.0422297438072 2120.892109139112
1051.1664971468483 2223.2864304680065
1095.8252081769688 1794.9648619334287
2239.779784116987 537.5089496881159
1340.9095631202629 1589.5711343940627
1734.3939836988939 2217.961805917674
1334.6650321079626 1951.8468024123601
1361.6201227130096 15.039160331265894
859.3856826686813 1206.9473543136164
1138.244842729962 419.61107096856904
1833.2441473628542 1939.3852813276837
2141.664792992905 2064.273758869551
1181.9535603887018 86.47177582182432
1870.3383099712996 562.3619722713905
2382.194457920402 738.3825862292409
763.7307804393972 396.05143121176764
1389.1014766970388 2431.7453919502823
317.8358631349765 2231.8298948875445
1394.9175665743712 2099.5991388328234
981.9606373935502 1170.7086930275714
1270.3879605147627 25.658628904319
423.70705337394935 324.8787313318099
917.1924048206968 2037.006276281802
1282.012611220542 274.08024933069146
1179.6761038615605 1510.1587185283984
2441.3359663708097 1985.151455181781
2067.9847283944932 1893.6732077836155
1645.490324561586 582.7448346509102
93.98608789280692 2117.4252975892396
864.822873980527 273.86441821737264
697.4752278493066 1396.1418730544653
1063.3501745902963 460.7438686907219
1172.6248262397198 167.33777548378578
775.6184807624304 2230.0466713824976
110.67835656666503 2214.5580870023355
685.928923648754 547.1827497733518
2165.131007394506 2330.474472876264
459.50098083409966 1317.6590511012005
347.82755051798006 781.0113184395275
96.22541844257438 1524.9183523530623
1923.3095958073518 936.4687807679335
1716.9947484180686 1900.4050806545813
1022.8138767640911 86.69605650014229
605.5189676979737 1828.7952312249424
2219.738739383161 194.73238426309806
950.3568391911945 1087.1052568618618
1364.485416238334 217.79600961484687
1691.4945214455568 1636.7468121019085
2434.9302815660417 323.07955476679376
864.3684978690525 2370.0943684546346
1639.2951945197165 1171.866194785582
984.4761300173014 995.6830291032318
1801.8733740938349 209.84473408098813
2408.1328432689734 1262.2561834090286
264.55284122455856 203.92239146551464
742.4352267130754 83.71967605627125
1901.576976236948 877.6560927019441
1790.7990301329164 1497.1800353721549
885.3757058116653 203.85509696220765
2443.012425102903 848.9633778239198
1320.6198420055844 315.4880792333353
466.2120701698941 2199.993374827221
1542.419631440796 527.2632185098086
250.69065265258874 218.1847063599852
1930.5639011318094 1263.3367032221715
2204.4331592889694 957.265911862777
685.2285318955787 2232.955030834226
2331.511402468095 1096.3852378622498
954.2883969246053 1432.478072450122
2344.106757156269 1359.4347363115974
816.6998390120107 322.04301117280284
496.78341257770523 1052.7727489852207
472.08254900049656 1357.5023345205866
789.6605711336745 752.6385700801997
2127.5761765752186 1277.1335345293394
677.9601823852604 1236.3074115021784
369.012604513529 1021.2456468508727
1677.2369920383883 1226.9689642628055
2136.703468306717 492.98596197195724
2173.9064241355427 2414.4883827666386
1857.8714648957728 1559.4092235127546
1085.4087374760952 1207.0512498410003
1647.4017020373453 1302.3348744866034
1053.8180474162803 302.40131194689656
2039.753169243704 1172.8170586538652
237.5031719777246 1402.4751730685584
1831.1773120018443 208.81148778203055
752.4145296370872 219.94748455258267
1894.1772624728849 1598.6957804159463
1741.825271956895 798.2414775648973
1911.0529777469794 1946.704877629522
539.0700954531073 1643.3376925997188
932.3048487955424 1556.998648163013
2189.7581348402755 320.88792464116403
599.5772471026836 1481.2767598079884
429.2476457743136 892.1891487333313
330.183832021798 8.703839350741225
990.7834126841396 1768.06711442829
1620.199048748285 235.58811970735994
856.0864590915511 322.87189230341966
1677.328601155673 1257.905980748121
1537.0495833828218 1787.595705465994
2366.9877070198913 398.80066834850857
1947.7696385477025 45.38408180965113
2233.466362770072 1139.932573621394
132.16661575186606 679.1662359779756
665.8342654921187 1991.307913802779
1861.0584641165967 1854.3952312957576
2297.94053541739 808.8337893506601
1656.5547139880698 1981.6520383542445
739.6257313536948 1036.047770924248
2070.5416176520166 1894.1274897255155
1057.4249224981118 1769.372034332609
1735.669983664869 1514.0165324877144
397.6094306938644 2013.8538898629592
1399.5693349717174 1975.0755627622048
2064.3102563839157 1648.246770989874
1623.4567611522261 499.75559688552437
898.2593515775471 993.1828240760227
361.37190299667736 240.9826403944774
496.04776112132026 2375.746789466302
1762.1004636256346 2385.1170995925972
2119.852966675704 512.6456882304558
721.4619633775424 290.04522041957887
1896.224089291284 496.515165062145
1173.9091257303032 2273.3568441181856
383.32938089315667 1649.3649914188154
2269.6085599148328 299.24832477999274
565.6325563752054 1679.497271540748
1695.5187132990566 768.4414070045897
1993.434608117683 599.5942103806535
1550.2068111679484 837.9312948380701
1803.4410360771299 1475.3471557369833
2386.197860282395 1391.1168521789355
1660.4570627928738 177.63918038406445
2393.088576776988 1606.5393880143636
1715.6450462911732 155.88453399558216
2204.037844223099 1701.8426821851774
1393.3041962155323 1574.599567660256
285.1096616453584 1697.1799734821038
607.3639055730778 2207.5271225936817
337.1847746999231 435.2256012722008
2164.267976864781 891.5748616347256
1002.153358001782 1613.940387416957
739.1125895919974 1479.4456638255663
1958.4732757657516 2330.4651536702145
616.0717432923532 297.8958900428849
255.62574561267047 1897.6365945345942
520.9631618135393 854.7103592705599
198.11451989072523 192.32945476997358
2306.1207754484153 1773.648460149091
1676.9301234841507 2155.818251414347
1127.579112036631 546.9843500504163
1619.6699022051919 1069.8583455531257
