500
1995.5407611107908 2997.849158684664
277.98084156662617 2457.719410603185
2973.1631054558375 2752.4139829631317
625.1484027800209 1498.0520316446687
800.9533960135155 1994.3574080876347
2016.0307461966383 939.3447883552312
1554.9806659358117 1814.7586830342154
2415.2907869233586 1218.4118510058343
2676.108949076596 424.48782312977386
29.90529071278246 631.8917601660161
1870.6518688146514 1914.4053616343208
2852.1993886409227 288.9328426150375
268.91220431210843 2031.5546932090624
1282.0626661935905 1192.2565173300868
1583.464368883261 997.6942756307244
2143.4385231889146 2332.9577439318405
1526.5432091761813 1354.4569355406938
120.04846997569824 2515.9769571906268
2215.597263419309 2149.7981201188672
189.34645167643373 2603.4380211175903
11.359278477334982 2423.8434984043674
1839.84700476003 544.2505500445674
658.7235388429118 661.9432935454328
1998.3244978292396 849.1032780038785
2536.022253534654 474.0754189453456
2074.701440556046 413.1983773661911
1856.6576468132548 1488.8757327642304
1108.5089189756732 1461.2391027884582
1358.448314633942 2065.370307506055
2441.117486801966 1360.0406939345578
563.5432931351488 1449.4790134376547
1530.3139247626987 1105.4708195002763
431.3400183042154 979.1957594150698
2303.50579668869 1043.2068962133674
520.027103346017 1308.543745407803
164.23376242002598 2054.0662219590554
3105.0310320673807 1983.760428893315
2199.3707662186257 2713.355661469925
2536.0682975360965 917.5561051234255
2343.7734103627076 56.48821408680238
905.7981253063849 1145.6230247176745
2724.1813781508336 1165.3589305738408
675.3158268370616 2964.195912448272
121.27414195438094 1720.7097048254664
2549.990996060921 2380.441151055743
600.8034470956416 1696.3920372610414
534.6042812198483 1498.7746037940526
1879.0990361022011 2295.048669558573
106.52627213012828 218.23229731363233
399.16431098565806 3071.249150751963
1954.7133432452872 1184.9845617431965
26.189778296516742 1741.0456785279575
388.7648810050061 2077.1306899829588
2998.1130384393805 1004.3214123237808
496.01114278387524 2991.3401974364738
2417.2506675222235 2749.200636201863
2349.308954715901 322.54504452802024
2262.8604737706496 1064.2045078241022
836.0279532137135 1592.3758314866316
818.8075067492099 718.9563177524209
1904.860237567988 2632.830888122318
3032.6112181049807 140.41802121808408
2953.604366095798 123.11316839797979
797.705976207501 2611.3331366061448
808.1413910314127 2548.673764047198
399.92015302824177 2685.173963077983
1374.2062316074293 2849.501976238713
106.80169823848567 3008.412307018527
2645.596730657754 3070.6325165530106
1216.7781726814635 2694.8728260066723
1361.4229358797943 3075.4747474852716
3114.6467030898107 1363.5134483121262
1922.8556853161667 1602.6390302909883
2680.9722101577804 1972.5336689669407
781.0200353668193 2870.579582825507
1617.6927834320668 2974.319677422006
699.8015721319022 955.1605599395192
199.70688925279902 2082.5062371046993
2348.344890079711 380.56540379762373
1063.0930502144433 2630.9586100036545
2864.3115765249227 1500.3761599101692
751.6567711628352 1135.187477354648
2434.380115692103 2007.682136081047
2387.5150918033514 945.3084062885683
928.32269460205 1579.6951179366386
1608.3502456941671 2812.8525650613947
2328.2597040470014 2430.6700897845285
938.8623037359405 1063.8357996653845
2695.7202723653186 2074.1387460233273
1090.23401441007 1803.9091197267553
2588.3686869949984 406.69407484001175
1477.327715781034 3021.4101934930427
763.3440962297125 2842.444409767515
2400.115419933801 2420.0511342190675
3057.855013774882 2150.515784525686
2988.719331342347 3085.3416168148087
485.2173448949627 1236.190992776234
1472.6648685060468 289.8194049834211
1145.3117507860152 2453.727991607365
1625.7823345079937 1484.9172408963746
2009.8517714670256 807.4865593013078
1719.8688296953687 916.8648972914094
521.1485085729014 1525.354937656662
2736.8780535487945 875.0805885458283
2844.8626013354483 855.2712056174812
1333.9158909384444 1645.1046896962425
180.75904133550347 825.920434469677
1538.5167292464369 853.0380206858093
2293.8145036608926 2495.249444023816
513.6426746820918 149.3326877407806
3114.7949311555776 454.691949114376
1870.601577851098 1506.0233225402196
2648.4571855257755 481.62509508053716
553.5241623164554 122.19800420537369
1610.8788720364284 250.37589580086254
1355.3267943896785 213.73096557067268
2708.216619988635 2509.5574745216704
2075.748848636069 2069.767587254325
1539.310041512374 739.2464044569773
214.1703262839055 895.9464434110017
540.1293241929886 1529.270021671253
311.20246787343245 3021.5631068318057
58.10021317829542 139.14273834103966
898.0984847874063 2684.2834689253123
1998.1367843376645 1442.0854032577904
2498.0611044044185 1517.2866604713843
2423.664414994799 1973.814937766694
365.2201455406117 312.860890145755
2227.527721183456 462.71587593463795
250.92874696912932 1431.3288558844638
93.30098634474874 2931.447976013784
1464.8809737710208 2415.9715779025028
1236.3064494067823 684.9806313385434
403.207084597411 789.9945911003167
972.2471326988698 2312.519418271417
1858.6167329632408 2875.0722642900023
60.23252134654541 476.51131367401103
2163.9670304144565 3083.73390622129
2625.4221453936716 2411.754102221978
1196.1084333588385 1812.6169020269676
2064.1448562334344 1403.6122720631968
1245.3350781406252 230.64805828127152
827.328903142733 108.2477596169942
1173.21544336751 1210.1616537996817
739.5496833479245 718.4552382538791
1565.3826757248387 1796.9187957678532
2164.710050151438 1849.7213723680386
1405.3478320864403 383.5982899784664
1908.3640621765119 2907.0078110376144
2200.244512656487 2629.637822422476
2220.749318174007 819.5199843657497
56.391836316402916 1136.2293595336382
1933.2840135773029 810.2562309175164
2996.866285383953 1714.605148849149
2047.1979537192972 2046.3082571754085
1577.209930232355 876.911937889249
1953.5066525904274 2651.6642729079817
2168.720341489638 2924.4610228896945
2393.042385385139 2624.4675312106965
2884.055724387913 2592.171253752342
2391.529210983597 2233.216921621404
892.6581724270814 1263.5066405776327
637.6340876468108 841.9001319730485
2192.8840844932965 1639.149038398743
1958.2159198204695 2431.7286560854222
2296.235248087284 348.8749179910237
859.4282145156906 2953.2627770812105
3109.655596519243 3059.0810136349132
2899.586271891218 1743.1175164205079
135.05298507222398 3074.196511700931
2040.8220419465506 249.41076174295313
166.9933383256407 2910.531962739131
2498.3342959525617 2379.9570500750438
1712.8865979987797 572.8201341396183
225.31373073403162 1440.6110927533362
895.97810182384 1982.6624825932415
1564.8248351563843 1823.7857005453325
2680.41034676983 1607.0112901978916
1002.8778739431881 1920.3159181259446
1902.9267680825412 2015.5059621277476
1409.0760441561524 1389.3248046554447
1098.0603515459 1076.5138469754388
1828.4235095473173 2240.7906687954182
2273.642267328 1004.7504478487165
1446.4904637082852 2375.759491615177
2763.7674609028377 1901.744526003362
209.2533300660387 2812.036257296571
2917.829646465813 2485.8365719921367
1949.8795201902267 1483.2902999445046
1524.627363636538 2288.2392950359626
2726.152094389725 2249.13279418467
2189.6730697372823 39.74510005289612
937.3867531347503 2738.71512307692
2767.9208964203635 1012.5768948053519
830.5051179887973 591.734636747804
205.73882316234258 2643.517176423589
602.9879607092414 1692.8374477042364
1629.0714186954342 1068.8431047678955
2136.4009477431864 14.330991571192854
2734.480133292975 1864.2690754985424
258.6893305442128 1480.1521866198884
2216.1805112343363 2539.8162109252535
1934.4111431067147 1461.320331853582
2585.591807766449 2672.810403304407
2623.956860799498 1225.7291632383133
2114.5715690690904 2078.423230082617
728.1951165168277 433.426475156604
1704.8380760845516 1654.8281206284066
2710.908243638098 2789.104844104107
779.3552759886487 454.7727797266905
871.1895307943206 1351.3477615215438
21.817124503582786 1673.8424151478448
927.7447758138279 1087.002962578473
2912.6434784029066 1992.6320007662066
1008.635378809547 857.8377723486874
130.0313301414308 2885.3659045140707
2470.130209481514 113.41747371522914
2019.3246805856604 1956.2481349365662
412.88263089624627 3028.0489948878526
2956.72071389953 2158.1459340414103
1270.7112761206195 1119.1252869060208
1093.5416143053005 802.4271536379404
2227.247734427202 1060.3273940750973
2483.750101145739 2116.8651959066133
2596.7045358322125 187.96759782729188
1523.7128095705552 2474.7006397001423
1068.2765335443116 2456.1521613852847
896.0642849432552 1727.6045582965407
2733.594358729376 462.2448235971881
2479.444040362274 833.5947914962296
615.9649359420354 3104.380805180905
1678.3149079678067 1070.1527530628623
1558.050839155346 1008.9675711458794
374.02473147082327 2507.2475902566753
1358.2010396996172 172.95428248703078
1230.0754610482804 2255.0919892331494
395.8237830835502 436.1834769675873
1481.32355190144 1578.4182563675968
1377.128437322282 1529.0427950539167
509.6271747718035 1982.4655071939578
784.3312089881468 1629.7462560417152
2176.3269448885485 2533.8812800587493
1510.3573603493683 1476.990320388343
777.269776336962 2249.755603612107
2648.7530582699337 2453.8304335804573
1647.9268096103508 2983.7825934473817
3107.234387571715 2648.7747033460846
1656.6183609227048 2657.628749553981
140.36150865425063 2213.9389200132587
294.5878782671648 2722.383230589117
1377.6601059013897 1635.596434418681
1131.047959922258 888.1561780689359
689.6912015059041 1520.9354366741875
2989.212612098757 2976.1022156515114
2616.301403670623 1247.0109523363626
837.5744524565921 2413.0070413560807
2648.467911867345 2624.005399861868
1516.3592717321294 574.2136110516427
1875.3180241308223 3118.2813198443278
1157.1165674184529 2733.7369584592693
2639.3397166522577 617.8065188831475
380.07312671357874 368.17347006521226
1399.4823624019998 1953.6344224002398
1381.5136742259308 1947.4300931789267
381.3224868309341 1807.3572826185584
2117.3458066771022 1243.3629263117111
430.10888735080437 393.08855599842815
2471.4815781819966 262.71815644957195
338.9043338403468 1648.166504757602
170.67337966762207 2535.3158184322974
178.30941077096566 2320.4091573743854
519.7999942155536 2295.005482367776
2480.156535515191 3111.3591888871415
596.6741293778803 412.07070434157737
2200.7718831908674 11.880477083359263
1900.090104181261 247.82790374999496
3037.3270572348833 1851.594389561817
2434.718849286656 1510.047384534518
1786.7080838904878 3045.5274430537957
345.994179358559 667.7643299726009
1694.7543350435608 448.21760593574385
1191.6363392566761 646.7753218292073
70.50969874087993 1338.9423879060366
545.4589388258102 379.024272233964
2494.5149135504057 980.0081937630108
511.9750844193274 1761.7638576412844
1415.5992589841412 197.43241121689573
1800.5047637937637 323.8886055455774
712.1636776381033 2828.5237312289537
883.0928528298996 829.7961079363191
2457.466036205743 1085.2271113962058
1630.7244420979005 1471.8833712864555
2972.5914237931192 2544.0249771228846
1214.894203802628 2572.211603364089
1293.8652993660894 1950.3818046172757
432.53384473400496 2658.525168290739
2912.6474960866162 780.97618125947
544.5215032171656 3122.4807137247694
769.0171687901316 2733.72248989983
1480.5327722943841 833.4653702071876
1305.1422088996044 1701.629448374897
1470.570848311004 1861.284065830594
3043.5583670323686 1288.0884061163993
360.54993741734694 1172.2337222778276
2636.5082019599527 1499.70987697671
1989.3962595569762 2935.9836876028976
2750.527190694682 1871.1038949741069
2219.3456830173386 758.3370331663634
2727.154803281134 2398.8615894070326
2032.736366584595 204.23481871678132
2658.035462663681 483.1831913991554
517.3404416742331 2959.958442958582
1929.4147894202408 2627.9709908959685
1198.04879399916 2532.5257905994526
64.63327005343899 171.3409183702615
1311.1702672000586 2763.4896959736884
2783.318688411481 3075.995253352982
1810.5379837170472 2033.3289113761361
2731.26595688491 2038.89860320608
754.6762887718987 2169.1649176722217
1867.3532266771097 1812.4392821811234
2287.0771884093274 966.2128198867013
2313.789733792289 1363.3639218059889
2985.835855933008 2898.879873384111
787.8495032142689 1212.1677378238426
2450.5642903031535 2105.077612246993
2589.531448138593 1944.6492498472692
620.5543839761049 1944.4389575402122
405.0481229514819 1922.0038423823837
2565.543730951526 1076.1759305378143
1360.7244964688068 1239.3093911896094
2902.2038923319196 1790.1657913917575
2728.280550948536 467.34661475022165
1647.8878970800226 2061.239785165111
662.249448153955 711.7937951977021
49.39291744638643 2217.881333443925
574.5986976633668 2139.088665346792
59.181371941753554 996.2871335945899
1299.0390250873113 3120.2638289708716
840.567579406615 2745.7729883169277
2013.2334392088903 2858.9143705479332
2586.259325203482 651.7380116878725
1656.3885320908491 2475.2806244568565
457.4602904389656 12.033131578038784
991.4320748913252 2955.298220146253
2049.6786188963097 2006.977068660634
1131.19773722757 2481.496537451067
147.3455629489228 902.4740851028247
2875.79659423285 806.2214133248262
1957.9814614281784 3024.6292550895955
2594.3967078950686 2903.7290769428478
176.68692131116362 2053.385107553554
2798.054515958168 2860.647171015314
3056.7328105457773 2304.0108171742654
2130.7105792797233 662.2480135625458
1636.5965345743568 1817.5763745555125
2294.743815758666 2506.9314126867926
1774.9870526696861 662.8953957185873
2973.4150645605723 1965.0506602128382
347.8701042328398 336.03587154267007
95.48040699086486 3037.5490957274146
3067.835905106287 61.494961571301545
649.1591590766476 2011.5648073522998
2685.3935154978235 3013.344599056497
573.5697744560471 370.2489750456731
2270.6376683588214 1125.8230841788939
2638.9953418818395 2151.2183469737383
2240.9807696474363 2063.5118844270473
1724.3075232350425 2068.567855892078
3028.2950803584627 2333.8926676635047
2989.5598264351815 954.2816842668295
876.5699270878562 1222.0697604901022
1164.9773899226877 251.72218056859512
1353.1865318883545 712.6740290626739
2971.0418617880705 1168.1211447244289
1668.1662279100474 2897.3649849612607
2158.134533376425 869.7165846332407
778.9581088704916 2326.72407370095
22.17296764825415 2271.4201576811047
1096.866075861789 1576.1700513531619
1886.8733401251448 1116.0220530657166
2663.4667736223473 96.09087067612289
2549.1259421667783 2413.1669416212385
198.45679907046616 1258.745346955051
490.77887071648206 1571.4214992492684
3017.9406675031723 821.5760689755327
2021.3771913747246 1593.8738354642726
2702.864168702056 1579.6508006157878
919.9626106094216 1411.0228532708873
2996.5620014137303 2700.25415453855
3087.6811816228037 1579.7746663975836
2592.291886075236 1205.2166943917455
2325.8222230449055 1461.5892088735898
704.0901328578058 2127.4515564818025
1249.0417773528513 559.0003859815844
2463.0734749029125 314.60722322499385
1722.4974851126692 3072.186218710516
1108.8429661051591 2303.081508882136
373.31060470838685 1826.2106961705065
1241.7403201584361 2717.669103264177
831.7418583593407 2135.9741110016203
1758.7290430464388 2705.504236866953
2851.3100911758124 1666.3289618291549
2613.151647248249 3011.411724989367
863.9419704004011 276.3999308640134
1727.3856180402827 2433.9640524713705
178.04363771421345 2217.3065792372918
2032.8170156061724 326.3960868216608
2168.613575788157 3106.7392100923335
1764.7664795282994 953.7473324450908
522.8057722494465 1065.0113803003683
429.19074163366247 2285.9481508457197
1863.3542309253703 2024.9589431108116
1453.418844349217 3086.874643231239
2507.697648708345 2221.0154553729403
2619.459197752104 2223.1083789719514
324.2299012471332 2464.673709431821
1426.0120868922409 240.45979120081964
1072.506597138549 1088.5597929596902
2001.2132162976159 1605.6019535669423
546.961648157713 2853.260599498447
3018.102794602211 1923.4604528113832
1907.383792488778 1694.48555697689
3048.0949356027454 542.4373728623002
2808.061374453302 1248.7280421513458
95.67213936717081 2185.2542413757874
1470.8882555107393 2872.145949914274
2825.1132552636313 130.7911218575583
185.46434870118927 2202.5275627190417
2001.8841250560608 1937.297788034164
1259.3231213326378 125.02454465879457
3021.8433936402544 1921.2683313097104
657.390025850088 2717.4730387533614
299.7673743671334 288.75498112863596
2590.31449909513 612.3831504147327
2586.203654761938 1426.1192394691143
83.42154146202373 3055.037666646788
701.4763282261463 3065.855521225616
1032.6206845199404 2117.144701917393
2853.132656883647 2839.366318474224
2233.729172225405 83.06740684088071
1010.2546182570096 1719.1960704333185
2001.2649977103003 1471.704320476349
356.8000948354456 457.83807439030244
3097.901534259703 1975.5095244893705
2041.172896208706 1763.6253648817708
1276.2836550220832 1574.137488272165
915.63582452712 2394.6763253716517
173.85176169752003 379.03295888925686
2305.04921604741 1008.8305473737062
2840.481211866388 1318.954797490446
91.6863001720829 1566.9321630958334
1324.8264139630737 1207.3731493438022
82.29232089456607 1967.5850638873544
251.18962800143242 821.4662065960516
2780.1030305558565 947.0797548352871
1212.344626016321 1014.1217765176337
2808.4765073751373 1835.3896792154483
2305.380271497692 2594.058220290965
2640.5427007586304 185.92138885953185
2813.3623486272386 215.62201036492687
760.4468706953435 2935.149519671705
2103.765011274177 1271.1597230265313
1897.9092789066121 1468.0462264788252
43.91328773463131 401.0652118574879
100.01497123026176 2401.3837854421577
2024.6878214453643 269.84272911076573
1582.8989915116274 1488.2969359457002
151.4580159112545 598.9205104767111
2590.076528656016 1903.5557479840459
2512.9923884835976 19.188309106803082
2266.058474717497 1575.6237654803203
2704.914794691036 663.0365711737494
993.2808014242196 2580.43745761369
2623.036139460916 1059.7998552709637
2041.0009191666186 2769.856771793435
3076.910598437953 2775.3391926608956
884.4335645410769 2716.7610725721106
146.0151376159476 97.87007511868669
1791.7756726399828 2681.665666290978
3022.751292089172 2342.7124509992886
23.62378953112232 333.12024088974357
2312.5580186894485 506.3041389309987
386.0495453312082 2971.3764596764577
358.25013051391176 2471.391488214954
1964.995222205346 1770.3678175256675
178.0096804868983 1393.1258250676046
1675.8678614508447 1423.5785871354371
2449.1087903539064 1542.6543156082344
2959.2074470975804 2823.368452722987
3021.7151759333187 233.5941801282638
2044.197121775225 2752.938192093301
1651.686701459306 504.26239258646706
1880.8115228626798 1380.6041053709853
2038.8121475023001 1772.9418687231798
1097.3630189482076 2948.361157401774
2053.026228038009 1174.5753655429996
623.3106126454812 3062.797149503843
1816.3539231570032 1388.5398044702329
1575.8353909511534 729.3659665186259
