14
3664.452290029714 2757.4993009656596
1606.4407922730215 1107.0451437181705
5465.360209521244 2197.5164644845718
3504.2684974169024 4036.88060268171
4772.301299780449 2583.7424006737187
2828.947053801647 3638.8967938544256
4021.234772058915 3306.5091077941956
1949.8557209740163 2404.0439918843795
610.6113477584311 2107.231029835726
3641.7207129744 245.00176724434095
3249.4135165020243 2354.054258354315
2197.786823280233 93.34931562001938
2174.502182938759 1881.006438318323
921.2231095710665 4179.055673760101
