15
5900.036587034141 3646.5627988663464
3451.3114426248126 4149.6048808931555
2873.7112089605444 5231.374390409539
2262.496690998228 4391.039564965931
6308.737229440623 1336.2807199647154
4166.318252292002 3921.6685939906656
2934.941074051229 268.86409047152586
5999.645653455545 4972.730821750328
22.44874092529722 1696.5463330725177
1659.5840188116392 1153.6924225013058
4019.507345907309 2396.8417607072056
2463.699796577179 2570.765381358086
5301.050341077475 37.86858035697515
2476.1725966143945 951.1121429772571
5567.699713112879 6153.415227157727
