20
3839.099342316441 4575.972569552222
1480.6208429892004 563.0773667738756
789.6293357043785 2372.496177114836
899.1666274549318 4492.219006207769
1391.5604893743077 2113.7294055163297
4692.224789304776 3410.331825738071
4708.647439685846 4365.5495223731195
4945.051699566772 4469.958362621961
2463.1321450129626 4221.103300530935
698.3355174144599 439.31094432149445
3064.272130239513 4206.503123602533
5153.827065865539 1495.3281676386537
2324.371037188434 5132.193496472796
3683.701647785531 4205.808461592314
2941.6543804121643 2551.2132481457083
1060.1067370451406 1878.0598908687568
3787.7680098033265 3532.6814552751935
4975.615302340896 1408.908033987681
2355.2452027101417 3931.947537422113
366.1718595396197 3595.353834204244
